0 3 2 1 2 1 2 1
4 56 56 56 56 56 56 56 56 56 56
8 16 17 10 7 0 25 5 2 18 27 28 11 15 24 22 29 19 20 23 9 26 1 14 12 13 6 3 30 21 37 48 4 38 36 56 21 37 48 4 38 36 56 21 37 48 4 38 36 56 21 37 48 4 38 36 56
2 24 11 18 6 26 7 15 22 8 4 19 23 5 9 1 3 16 0 17 13 14 25 10 21 20 70 12 70 12 70 12 70 12
22 28 31 17 32 5 3 13 41 8 6 45 35 4 40 39 29 20 34 7 38 47 36 30 16 1 14 19 11 2 18 12 27 15 10 42 44 25 0 24 37 43 33 26 23 96 46 21 67 9 75 89 64 52 96 46 21 67 9 75 89 64 52 96 46 21 67 9 75 89 64 52 96 46 21 67 9 75 89 64 52
3 12 4 10 7 1 6 5 9 2 0 11 8 15 8 15 8 15 8 15
27 45 32 3 12 21 11 13 43 16 40 10 28 23 18 38 19 2 14 39 9 6 4 33 37 31 24 42 25 1 35 7 36 0 8 46 41 26 44 17 34 47 30 20 5 48 29 73 84 96 15 63 22 73 84 96 15 63 22 73 84 96 15 63 22 73 84 96 15 63 22
11 15 20 1 4 7 8 2 10 9 14 24 17 21 13 22 12 6 0 5 19 18 26 3 16 23 25 41 62 41 62 41 62 41 62
4 2 0 1 3 8 6 9 7 5 55 40 55 40 55 40 55 40
16 20 6 32 37 0 29 33 30 2 14 26 36 21 3 5 11 22 12 7 1 28 10 19 25 23 18 13 24 35 38 4 31 17 9 27 8 15 34 59 70 39 77 59 70 39 77 59 70 39 77 59 70 39 77
19 7 31 36 38 10 37 3 35 13 1 2 30 23 24 28 14 39 12 9 32 18 6 34 0 33 29 5 25 20 21 26 27 8 15 17 22 11 16 98 81 71 4 98 81 71 4 98 81 71 4 98 81 71 4
1 2 3 1 2 3 1 2 3 1 2 3 1 2 3 1 2 3 1 2 3
30 0 11 7 32 27 15 25 6 29 8 2 31 16 10 19 4 14 33 3 17 22 24 1 21 9 13 23 34 5 26 12 20 28 18 28 18 28 18 28 18
1 9 2 10 8 7 0 5 4 3 6 93 36 98 93 36 98 93 36 98 93 36 98
5 24 4 15 2 19 3 12 13 7 10 22 0 9 27 29 23 30 1 32 6 20 18 17 25 33 8 26 14 11 31 28 16 21 21 21 21
27 25 18 28 26 22 0 7 14 12 17 1 32 24 11 5 30 23 13 15 16 2 8 33 21 3 20 34 9 6 4 10 31 19 29 75 93 35 42 46 89 79 29 75 93 35 42 46 89 79 29 75 93 35 42 46 89 79 29 75 93 35 42 46 89 79
15 7 29 9 22 30 5 28 3 17 11 16 6 25 2 4 12 13 14 10 21 23 19 18 26 24 20 27 1 0 80 8 67 80 8 67 80 8 67 80 8 67
1 2 0 3 4 7 35 54 81 86 44 79 20 28 38 7 35 54 81 86 44 79 20 28 38 7 35 54 81 86 44 79 20 28 38 7 35 54 81 86 44 79 20 28 38
1 6 14 24 2 22 21 10 5 19 8 18 25 27 11 16 7 23 13 15 4 26 20 12 9 3 0 17 42 42 42 42
28 26 2 5 9 30 19 22 4 11 25 10 18 27 15 31 3 17 1 0 24 20 14 16 6 12 21 29 7 23 33 52 95 8 71 13 33 52 95 8 71 13 33 52 95 8 71 13 33 52 95 8 71 13